-0.8773913308754694
-0.24179708335736855
0.16211883673790273
-0.5129516073875157
-0.35985932690039757

0.5180316404142092
-0.30916286545676147
-0.3241935685936304
0.6035910702310029
0.27583175332130416

-0.8245033905799987
-0.560179017522182
-0.6576812910759677
0.12151565060783007
0.019932148022093817

-0.32309702835248105
-0.5501500358498268
-0.10443644907005536
0.5144334706009877
1.4507502952591316

0.3608137686014875
0.4987661701283872
-0.4133245038167443
1.113616014156384
0.5252288057241065

